
# K-Spectral Centroids (KSC):
0: [0.02149505 0.02759091 0.02223545 0.03922965 0.05990593 0.0647544
 0.08426566 0.12174978 0.1823783  0.68300585 0.30154909 0.38371833
 0.28029557 0.17971999 0.14386349 0.1352768  0.13847245 0.10726804
 0.11130958 0.08829304 0.06324288 0.06979185 0.05035173 0.05239397
 0.05003641 0.03701242 0.03590334 0.03218234 0.03710152 0.03183124
 0.02373637 0.02497013 0.01764879 0.02823981 0.01773865 0.0126223
 0.01200485 0.01364699 0.01753637 0.01659948 0.01330836 0.01523578
 0.01238467 0.02817728 0.01820784 0.01639896] (Growth:1.66)
1: [3.73528286e-04 2.90290759e-03 8.65639744e-04 1.18740470e-03
 1.84476343e-03 2.05000360e-03 2.18751421e-03 3.86638847e-03
 4.37792750e-03 9.99895393e-01 4.95348750e-03 4.32355109e-03
 4.96947717e-03 4.08718738e-03 4.24539503e-03 3.68989666e-03
 2.40823014e-03 1.25368488e-03 1.23320192e-03 1.77145447e-03
 2.40926270e-03 8.35888907e-04 2.11586497e-03 1.32120299e-03
 1.19584353e-03 1.21629074e-03 5.45346492e-04 5.53148582e-04
 1.12068710e-03 7.54506682e-04 2.77185865e-04 5.82058460e-04
 1.20696125e-03 1.56707806e-04 1.44889026e-04 3.72741363e-04
 2.47422588e-04 7.21003224e-04 9.97213962e-04 3.34077549e-04
 4.97025743e-04 5.17552919e-04 7.72976844e-04 3.95715195e-04
 6.13039212e-04 4.68619087e-04] (Growth:0.05)
2: [1.17796777e-02 9.65313982e-03 1.43002578e-02 8.23378131e-03
 2.16567202e-02 2.12966685e-02 3.31320407e-02 6.83079405e-02
 7.24796969e-01 6.77943886e-01 7.72791505e-02 1.67078924e-02
 2.51598632e-02 1.41483168e-02 1.78842945e-02 8.83720777e-03
 7.20183339e-03 2.63023892e-03 5.07948675e-03 6.78735247e-03
 6.15897131e-03 3.54398738e-03 4.47788663e-03 1.13764792e-03
 3.21056795e-03 1.85152603e-03 2.00567369e-03 2.11332436e-03
 6.92386110e-04 2.28279296e-03 3.41616521e-03 3.37230489e-03
 1.28195824e-04 7.12879668e-04 2.21441158e-03 2.06732972e-03
 2.22299035e-03 1.76947591e-03 5.35282707e-03 2.75119965e-04
 2.83994752e-03 4.67582152e-03 4.82630817e-03 2.18549313e-03
 4.31160166e-03 3.46925574e-03] (Growth:0.36)
